13694.0
17024.0
16849.0
18143.5
24017.0
22003.333333333332
20751.571428571428
24169.75
26273.555555555555
27737.7
27779.636363636364
33664.75
33089.61538461538
34133.42857142857
38528.666666666664
40712.1875
42403.529411764706
42312.055555555555
54012.73684210526
15740.0
19556.0
22240.666666666668
17657.75
21566.0
24631.5
28890.571428571428
21782.625
25281.666666666668
27371.6
37310.181818181816
36260.083333333336
32895.61538461538
36957.0
36802.0
41741.4375
44486.41176470588
46017.22222222222
45708.68421052631
15944.0
16877.5
17541.0
23790.5
25352.2
21532.0
23245.571428571428
23526.25
25211.333333333332
28097.0
32144.81818181818
30094.25
32529.0
34749.0
37282.53333333333
38110.9375
46017.94117647059
45299.5
47294.84210526316
15556.0
17283.0
18194.666666666668
18254.5
19932.2
22111.333333333332
22561.14285714286
24264.75
26296.666666666668
28761.6
34522.36363636364
30237.916666666668
39594.92307692308
40357.42857142857
41011.333333333336
42069.4375
43698.529411764706
42428.666666666664
45037.42105263158
15851.0
16888.5
