205706
16842
96710
12858
89840
12472
88154
11506
83690
12860
86872
11704
86420
11112
86772
12434
79680
12302
83294
12676
76200
12364
83842
10768
79072
12746
77194
11394
86296
12532
80636
12730
84224
13298
92618
12814
89576
11870
87562
10800
81394
12740
87958
13570
94856
12942
100396
14528
70882
13660
77208
18326
105398
14496
106154
12786
80166
14832
74818
12718
69320
12588
88208
18824
79978
13928
89906
13368
107296
12990
92622
12724
88444
16492
80766
12498
86472
12650
84332
12384
83150
12198
87848
29100
84024
12848
94586
12454
81336
12296
74924
10302
86434
29004
84414
14030
89426
14002
97988
11664
95322
15100
102904
11876
89758
13752
93194
13472
84574
10972
79430
10710
83726
48454
85888
13278
96100
13180
86568
12300
91970
12314
88386
13302
89552
13746
92592
13434
84438
13758
79786
14560
89930
13426
88558
13562
91208
18780
88404
21448
85586
13818
94434
14406
94112
13394
92364
13982
94512
12388
93464
13566
91556
13476
94204
14014
89784
13410
94288
13560
94158
14434
99144
13602
87554
12962
71752
13782
86612
14142
98690
14034
92216
13522
92150
13754
93134
16014
91816
13692
85368
13150
89164
14288
88628
13672
102628
13986
89506
13698
91404
13524
92954
12550
92952
13628
84682
13622
92698
13958
