50205348
43839974
57173354
45493532
49791600
40432108
46985494
91707422
39406306
34464408
36699982
33771222
37281458
34902240
3846053976
24495286
34623380
32290536
27269204
21001720
25899758
25627422
35880960
28978654
29746124
34169448
29444100
31623796
7991252964
38774416
35471374
31637978
24456000
23403916
23608240
29498920
34498172
36289750
27277156
33796572
29964572
27243540
28941006
3826446082
34223158
28499116
32281320
28017054
31393716
35193564
33613864
30361540
39940894
33631918
28930452
37913918
28456352
23245300
8185927994
38562464
29875852
28612224
34337018
31840378
23886058
22843076
26789512
36270492
34545548
25056582
35916720
30056948
25616530
8211576628
40064492
43086628
39510794
38101482
41450688
32951668
34621602
41757038
33184738
34599274
36519488
3756361530
39735062
45971874
46980324
33747640
39889540
36202606
39642296
35562348
32866774
33580852
36684090
51217860
3898461520
42699936
48683484
46909536
67301058
33978972
46828992
37862160
24942872
32381940
30533900
26489122
25080130
28522504
8398390644
36971748
27476682
25316048
35492236
35370262
34349754
33362388
39304992
30289152
29071812
33887456
31056100
26461964
31363160
3855107316
33659350
32018060
37972078
37522452
26339148
31684200
38002592
40009990
35297936
28684312
35967710
32634816
38694106
23246738
8431596236
52595464
43119300
34122600
40022020
35374004
28504960
26122228
39442660
38447602
33845592
25090812
24712796
33560700
3826922920
31756044
30009232
32798746
37036068
36399016
31368820
34866408
37118334
39697926
32075630
46807024
43304412
36298520
4108484914
46524122
81546276
28085226
43677736
36893004
39000848
40684758
32340986
24704472
32538562
37949304
34195160
30658450
32437452
52316916
8154596004
31831836
35648524
29146458
42003436
35164122
33361840
29050346
38463824
34122780
32142898
29600058
32362174
30753288
30407254
3990242218
33799206
31485102
37271256
31170516
29486912
32471604
30870504
35019970
32792518
33373056
28151942
27837776
41321164
38799590
8164534486
27337298
37302314
32586794
34038172
24572400
28501120
29179728
31774554
26411652
32581528
35765056
32076312
32070336
3841487308
32337864
38776712
31444172
34943342
24350294
25310920
23926512
33889882
38544324
28049620
27259048
27917288
27134728
8244325710
29210830
32988838
24791860
30700048
33588512
37519488
23895934
27722358
29819138
26823718
27028018
28867618
29579086
3929464826
28440418
24499302
23197836
29649178
30587496
30425076
24251222
30257642
27174122
28004358
27160198
32715272
34183126
27776696
8252689988
43520498
29916832
26687310
31899580
30089512
28790134
23344160
24549876
32606340
27341162
31242692
34590804
34565110
3911077440
36002468
28073062
36085068
34935118
23621534
28606492
25103184
25935518
22715504
32675736
33296460
28148852
33442690
8255970212
30708624
26415096
34018088
24404158
23286658
25845852
29396066
28019504
30396488
28211286
26124424
31982888
26836268
3752161236
31261108
26431420
25429238
26719994
33976748
31130720
29409434
23824592
23832708
27443872
26074054
36161260
8148982418
38919506
32432214
40841258
34766926
31006026
23351632
24782800
25822096
26541432
29157158
29854082
24608698
3920640096
46389780
47298394
44856960
42762938
45051320
37328928
41662944
52307432
36374364
37421962
35713768
8433333724
37718720
36300312
29691984
34120638
27396408
21705656
22144440
28653252
19278552
29334648
31964822
31081128
28791652
20426968
3877266408
45175394
26474858
33892274
37511222
30094300
33023842
36403922
32495558
40019630
29451732
39817452
33246022
29610502
24540270
30779518
8139228486
35535020
30896578
30722038
34240076
29514740
41708924
35674768
35274014
29124612
22161290
30587096
3811251168
29093436
31883722
37347812
38661180
35368706
35149202
33380544
32140008
35003744
30551066
26387998
35894076
31734932
32264004
8173254020
30663472
39705550
36019736
32484276
37398100
39067534
34918304
25088880
36684854
30783186
35357764
33063046
26580330
22907192
3749685070
69182940
32592120
58992360
35432858
52886042
26414856
29107980
68076830
69343588
62598672
41493794
42463096
59847796
4021315468
35368284
40940390
34434172
31241410
42280106
35226298
41979890
32584966
34996428
38954478
25895024
25750694
37489922
32722576
8144274788
37996492
33135288
35187926
28785956
40179280
26854598
37385078
43001338
35953992
22987922
33563548
36850672
32524138
27848378
3820394306
34294140
32894132
31490732
35086400
26389394
38692308
31199854
24559512
40124410
29311906
39806392
29947540
27908836
39518020
8175687912
31864860
38685106
35016304
31996462
28755130
34467552
35459452
31407526
25863016
39378844
29282662
30832826
35860096
33521822
3837180168
29566426
30334392
37863724
37028608
36964018
33162550
34691992
38331490
32657172
39567144
37151638
38353504
34551756
8200854480
40927066
34039316
33833764
28921132
32547604
37628428
30148540
32288234
34565516
42888292
31360370
32022428
42936032
3993224222
39618870
43227254
49050378
37013040
34757270
45384728
44925804
57929680
42786534
37808734
39755188
43066088
8370231888
38721318
42693110
33922932
38015028
45377580
39789170
36783588
40747810
37430582
41610514
40014620
34792758
42906112
3847797482
34821632
32196074
41273840
42983880
36843866
39010998
45520946
34089704
26653408
32476382
35607484
7992346608
51360122
34659564
49545648
42001376
46551986
35073366
36481470
42598872
49060310
46484474
42121888
3853264874
51889012
44320306
46168156
39142818
33551240
24953152
36738798
40392274
37570500
31015634
29910692
39812912
32713368
8006680956
36301570
40562964
36405690
48785912
44394420
40104906
30805100
40669262
39806128
37714296
40061582
38882940
38957328
43062972
3885583410
41708350
40831736
50988608
42751216
33953666
40543792
42546716
44414446
32212284
50152806
31577028
34729676
3761206554
37441192
41386782
58626592
36647616
37145312
29182870
31586400
28926246
39551156
31071756
28196520
38167348
7988865416
29839096
33443488
36726688
26576378
31899640
26954686
41678064
30114010
28462342
24816020
34731084
27875832
30961012
30426860
4060275936
25371796
35964504
33217032
30462776
24898012
23317912
31512162
30431304
25320584
28409006
25477996
24613148
32100356
7985612420
34861432
34565700
26183006
23040332
23754998
21702470
25665688
23982548
34427532
30621482
25248876
23979672
22396048
8269107468
42851658
35120642
33588170
37151320
38245316
53190304
39370454
39486594
41321000
37146348
44904532
4115902540
39002866
28875756
25555452
34051916
31197708
26135576
31130464
30791408
40619486
45488988
40581182
44653740
3844244664
30571988
27477276
41333658
44542698
28984224
29601900
26162480
31900860
25265054
30583884
30515640
33705404
7988954310
37559708
29664060
36616370
27737702
35469238
28627652
31322218
39201018
32002432
29658922
37309884
31312236
31811834
36933948
8161772658
35851468
36803168
28634018
39395328
28046808
28843418
27444768
26678206
41908412
38553108
38627266
31296592
35293450
40375904
3868877770
24548088
24911496
30925476
34496658
33504262
39057648
29560524
41192340
42431700
40025760
29746566
41290438
42199346
8180853542
31040076
31974156
28861728
38826370
23839168
24374972
40441638
32717732
28869318
48405708
28454064
33918044
3759815062
61664582
48723440
45063626
42567822
43121854
40536232
47986252
45950734
42944340
42847522
29958128
31695570
7990036916
43355964
40248352
41299836
30611608
32171842
38176894
36033326
33653768
33322956
33334774
26849210
28389850
4085874198
29115896
38345908
33116214
28584660
30690672
34747820
32139014
30462402
37903980
29928400
26105440
40688320
30505390
3935052960
33949672
39118500
33416992
26236872
34627916
642061262
37384836
94183660
26218810
28380444
352172912
26138964
3746035246
45103252
39267418
34884696
34392218
36324180
31944752
25731000
26598380
29621938
25895556
23591378
23786108
28210024
8154120236
32881548
36227564
32345222
36928678
38180958
31885854
24236628
34849392
28576894
30670408
30038134
43580040
4181616520
43512074
41509836
39176256
37619412
32146238
30307348
24947914
29883076
30493924
28280536
24738206
26434176
7991551550
33141570
31503932
29604588
25929508
27079538
30521016
37855554
37895360
40800146
32906520
41965212
33168928
3895549594
30361882
31983200
29275956
23288722
23595240
29357956
25583004
31289420
33193094
37344188
27998222
26603974
37015344
31529940
8155018920
21961032
32057462
29540530
27528416
36067428
33418142
40671084
24199498
33266586
27053582
24616220
31463196
22760688
3990693028
29960570
34341660
27423502
29862304
24670884
33491594
23261918
30878132
30936194
36716282
41915988
30246516
37315308
8221311552
35105184
28716990
31152584
31921184
31081564
31217152
24336754
22724664
26969472
40072126
24346282
27785364
31010918
3837935436
38960016
38171752
36195236
44918572
27639768
31946998
22422852
26738960
33370268
23651364
19837798
26757670
29085072
8004303192
41477252
62120168
37933944
42019150
33531138
30520232
27976830
35598184
33269634
25186256
30380344
29107864
27786812
8157106440
37144180
26013562
30588900
27632296
35759362
35638968
31693534
31219040
23030864
38893270
26635540
26648280
3753612332
45059260
25794086
24079458
30939238
27319624
25900188
24920424
33178030
27580572
25230362
25331328
30783108
31347672
23265038
8213875328
44288698
39954634
39439688
36372364
36203100
39746280
38493028
32579392
