8 128 16 999.276640
16 256 16 929.747100
32 512 16 934.372520
64 1024 16 937.710920
128 2048 16 923.607500
256 4096 16 930.777600
512 8192 16 930.936300
1024 16384 16 948.285060
2048 32768 16 1293.510460
4096 65536 16 1275.275740
8192 131072 16 1292.524300
16384 262144 16 1310.942640
32768 524288 16 1293.369660
65536 1048576 16 1353.295320
131072 2097152 16 1506.709000
262144 4194304 16 1346.798260
524288 8388608 16 1384.798000
1048576 16777216 16 1379.433120
2097152 33554432 16 1382.995460
4194304 67108864 16 1388.820160
8388608 134217728 16 1382.933940
16777216 268435456 16 1457.011700
33554432 536870912 16 1389.797420
