8 128 16 1182.411240
16 256 16 932.824720
32 512 16 935.481880
64 1024 16 937.719200
128 2048 16 955.339180
256 4096 16 954.091640
512 8192 16 938.477860
1024 16384 16 940.468180
2048 32768 16 1265.207240
4096 65536 16 1256.468600
8192 131072 16 1290.129920
16384 262144 16 1350.992600
32768 524288 16 1354.485480
65536 1048576 16 1296.405260
131072 2097152 16 1323.281360
262144 4194304 16 1341.811360
524288 8388608 16 1374.709920
1048576 16777216 16 1362.387940
2097152 33554432 16 1371.905240
4194304 67108864 16 1380.479440
8388608 134217728 16 1363.856580
16777216 268435456 16 1537.593860
33554432 536870912 16 1497.897440
67108864 1073741824 16 1462.484820
