8 128 16 1042.097540
16 256 16 1018.754600
32 512 16 1010.387920
64 1024 16 1022.154220
128 2048 16 1024.228580
256 4096 16 1036.419240
512 8192 16 1035.748500
1024 16384 16 1063.133420
2048 32768 16 1401.776780
4096 65536 16 1409.002960
8192 131072 16 1458.416580
16384 262144 16 1434.784880
32768 524288 16 1451.235300
65536 1048576 16 1469.320540
131072 2097152 16 1509.589120
262144 4194304 16 1501.302100
524288 8388608 16 1517.002780
1048576 16777216 16 1498.093860
2097152 33554432 16 1555.357160
4194304 67108864 16 1377.347340
8388608 134217728 16 1442.676500
16777216 268435456 16 1407.286980
