8 128 16 946.396180
16 256 16 922.536580
32 512 16 923.766180
64 1024 16 933.125160
128 2048 16 928.521820
256 4096 16 933.471400
512 8192 16 926.529180
1024 16384 16 960.693380
2048 32768 16 1257.520880
4096 65536 16 1259.457440
8192 131072 16 1278.116500
16384 262144 16 1314.596620
32768 524288 16 1297.035440
65536 1048576 16 1352.432140
131072 2097152 16 1352.062940
262144 4194304 16 1353.766400
524288 8388608 16 1365.493660
1048576 16777216 16 1368.556660
2097152 33554432 16 1379.452660
4194304 67108864 16 1365.348540
8388608 134217728 16 1388.483620
16777216 268435456 16 1380.097560
33554432 536870912 16 1367.853100
67108864 1073741824 16 1348.590800
